epoch,train_total_loss,train_task_loss,train_recon_loss,train_anchor_recon_loss,train_omega_entropy_penalty,train_omega_entropy_band_violation_share,train_z_anchor_loss,train_grad_norm,train_grad_norm_total,train_grad_norm_main,train_grad_norm_proxy_head,train_clip_applied,val_total_loss,val_task_loss,val_recon_loss,val_anchor_recon_loss,val_omega_entropy_penalty,val_omega_entropy_band_violation_share,val_z_anchor_loss,val_mse,val_mae,val_r2,val_kstar_mean,val_kstar_std,val_kstar_anchor_proxy_index,val_kstar_anchor_expected_sign,val_kstar_proxy_spearman_rho,val_kstar_proxy_spearman_p,val_kstar_proxy_spearman_adjusted_rho,val_kstar_proxy_metric_valid,val_kstar_proxy_mean_spearman_rho,val_kstar_proxy_mean_spearman_p,val_kstar_proxy_mean_spearman_adjusted_rho,val_kstar_proxy_mean_metric_valid,val_kstar_proxy_1_spearman_rho,val_kstar_proxy_1_spearman_p,val_kstar_proxy_1_spearman_adjusted_rho,val_kstar_proxy_1_metric_valid,val_kstar_proxy_effective_labor_anchor_spearman_rho,val_kstar_proxy_effective_labor_anchor_spearman_adjusted_rho,val_kstar_proxy_2_spearman_rho,val_kstar_proxy_2_spearman_p,val_kstar_proxy_2_spearman_adjusted_rho,val_kstar_proxy_2_metric_valid,val_kstar_proxy_employment_level_spearman_rho,val_kstar_proxy_employment_level_spearman_adjusted_rho,val_kstar_proxy_3_spearman_rho,val_kstar_proxy_3_spearman_p,val_kstar_proxy_3_spearman_adjusted_rho,val_kstar_proxy_3_metric_valid,val_kstar_proxy_hc_level_spearman_rho,val_kstar_proxy_hc_level_spearman_adjusted_rho,val_kstar_proxy_4_spearman_rho,val_kstar_proxy_4_spearman_p,val_kstar_proxy_4_spearman_adjusted_rho,val_kstar_proxy_4_metric_valid,val_kstar_proxy_hc_trend_spearman_rho,val_kstar_proxy_hc_trend_spearman_adjusted_rho,val_kstar_anchor_q1_mean,val_kstar_anchor_q1_count,val_kstar_anchor_q2_mean,val_kstar_anchor_q2_count,val_kstar_anchor_q3_mean,val_kstar_anchor_q3_count,val_kstar_anchor_q4_mean,val_kstar_anchor_q4_count,val_omega_entropy_mean,val_omega_entropy_std,val_omega_top1_share,val_omega_peak_share_1,val_omega_peak_share_2,val_omega_peak_share_3,val_omega_peak_share_4,val_omega_peak_share_5,val_omega_peak_share_6,val_omega_peak_share_7,val_omega_peak_share_8,val_omega_peak_share_9,val_omega_peak_share_10,val_z_std,val_z_proxy_spearman_rho,val_z_proxy_spearman_p,val_z_proxy_spearman_adjusted_rho,val_z_proxy_metric_valid,val_z_anchor_spearman_rho,val_z_anchor_spearman_p,val_z_anchor_expected_sign,val_z_anchor_adjusted_rho,val_z_anchor_metric_valid,val_lag_gate_sensitivity_slope,val_lag_gate_sensitivity_range,val_lag_gate_grid_min_kstar,val_lag_gate_grid_max_kstar,val_proxy_recon_r2,val_proxy_anchor_recon_r2,val_proxy_metric_valid,val_proxy_1_recon_r2,val_proxy_proxy_effective_labor_anchor_recon_r2,val_proxy_2_recon_r2,val_proxy_proxy_employment_level_recon_r2,val_proxy_3_recon_r2,val_proxy_proxy_hc_level_recon_r2,val_proxy_4_recon_r2,val_proxy_proxy_hc_trend_recon_r2
1.0,1.1937230825424194,1.042984962463379,1.5073813199996948,0.9528500437736511,0.0,0.0,0.0,3.2431101561876416,3.2431101561876416,3.242431720443068,0.06633267243247043,1.0,3.0874476432800293,2.9375505447387695,1.498971939086914,0.9368550181388855,0.0,0.0,0.0,2.937550245736851,1.3048646800029515,-0.055910054576025124,3.5847668647766113,0.0369234283554705,0.0,-1.0,0.44066781726603504,1.7331401040266155e-05,-0.44066781726603504,1.0,0.6421048923954775,1.558770280811782e-11,-0.6421048923954775,1.0,0.44066781726603504,1.7331401040266155e-05,-0.44066781726603504,1.0,0.44066781726603504,-0.44066781726603504,0.48369201507519993,1.8064185990606048e-06,-0.48369201507519993,1.0,0.48369201507519993,-0.48369201507519993,0.6316438307914481,4.151655371263599e-11,-0.6316438307914481,1.0,0.6316438307914481,-0.6316438307914481,-0.0693177415378113,0.5210465110487964,0.0693177415378113,1.0,-0.0693177415378113,0.0693177415378113,3.566993063146418,22.0,3.5798356966538862,22.0,3.5852619517933237,22.0,3.60697556625713,22.0,1.486814446793614,0.0212777969908952,1.0,0.0,1.0,0.0,0.0,0.0,0.0,0.0,0.0,0.0,0.0,0.13035835675733054,-0.5762389489626996,4.239862372137519e-09,0.5762389489626996,1.0,-0.5762389489626996,4.239862372137519e-09,-1.0,0.5762389489626996,1.0,-0.2583138228045211,0.10485434532165527,3.5503623485565186,3.655216693878174,-0.639501184382897,0.06314506211215665,1.0,0.06314506211215665,0.06314506211215665,-0.7046366353171978,-0.7046366353171978,-1.0328239055376698,-1.0328239055376698,-0.8836892587888798,-0.8836892587888798
2.0,1.0366714000701904,0.8867742419242859,1.498971939086914,0.9368550181388855,0.0,0.0,0.0,2.528950326657812,2.528950326657812,2.5280957856221558,0.06573776252770731,1.0,2.995026111602783,2.8459417819976807,1.4908427000045776,0.9212446212768555,0.0,0.0,0.0,2.8459416423182278,1.2855555660860387,-0.019541364242784704,3.5592944622039795,0.03249615910329559,0.0,-1.0,0.42011552956922976,4.603092740826363e-05,-0.42011552956922976,1.0,0.6564228100454371,3.83139440243031e-12,-0.6564228100454371,1.0,0.42011552956922976,4.603092740826363e-05,-0.42011552956922976,1.0,0.42011552956922976,-0.42011552956922976,0.4654291853052024,4.897251798802245e-06,-0.4654291853052024,1.0,0.4654291853052024,-0.4654291853052024,0.6384065372829419,2.2133078465701058e-11,-0.6384065372829419,1.0,0.6384065372829419,-0.6384065372829419,0.05728928181465959,0.5959922239051542,-0.05728928181465959,1.0,0.05728928181465959,-0.05728928181465959,3.5444311878897925,22.0,3.552811178294095,22.0,3.5582378560846504,22.0,3.5816971497102217,22.0,1.4782719584585151,0.024295443417825403,1.0,0.0,1.0,0.0,0.0,0.0,0.0,0.0,0.0,0.0,0.0,0.13211963916323743,-0.6246874009369168,7.804939294314423e-11,0.6246874009369168,1.0,-0.6246874009369168,7.804939294314423e-11,-1.0,0.6246874009369168,1.0,-0.21514122846438996,0.0936746597290039,3.527772903442383,3.6214475631713867,-0.6332421270419378,0.07875537920777032,1.0,0.07875537920777032,0.07875537920777032,-0.7275545428272427,-0.7275545428272427,-1.0171629715124664,-1.0171629715124664,-0.8670063730358137,-0.8670063730358137
3.0,0.9181501865386963,0.7690659165382385,1.4908427000045776,0.9212446212768555,0.0,0.0,0.0,1.6958756559809867,1.6958756559809867,1.6946224189695134,0.06518510316672234,1.0,2.927201747894287,2.7788965702056885,1.4830518960952759,0.9061018824577332,0.0,0.0,0.0,2.7788961931283396,1.2816504062978888,0.0067095016948006125,3.533313751220703,0.02842641956277689,0.0,-1.0,0.39678066993061184,0.00012957243889837806,-0.39678066993061184,1.0,0.657303370786517,3.5059449441414464e-12,-0.657303370786517,1.0,0.39678066993061184,0.00012957243889837806,-0.39678066993061184,1.0,0.39678066993061184,-0.39678066993061184,0.44109048642175347,1.6975335487010486e-05,-0.44109048642175347,1.0,0.44109048642175347,-0.44109048642175347,0.646912754041774,9.811463097988335e-12,-0.646912754041774,1.0,0.646912754041774,-0.646912754041774,0.13884681765348178,0.19700405430376752,-0.13884681765348178,1.0,0.13884681765348178,-0.13884681765348178,3.522010001269254,22.0,3.525591557676142,22.0,3.5305520621213047,22.0,3.5551013838161123,22.0,1.470460119605085,0.027454068604346717,1.0,0.0,1.0,0.0,0.0,0.0,0.0,0.0,0.0,0.0,0.0,0.13440151976615522,-0.6668134267901801,1.3187503962374204e-12,0.6668134267901801,1.0,-0.6668134267901801,1.3187503962374204e-12,-1.0,0.6668134267901801,1.0,-0.17542133425011064,0.08432817459106445,3.5049471855163574,3.589275360107422,-0.6272894243374586,0.09389815400697132,1.0,0.09389815400697132,0.09389815400697132,-0.7505055547970907,-0.7505055547970907,-1.0018536317474163,-1.0018536317474163,-0.8506966648123009,-0.8506966648123009
4.0,0.839880108833313,0.6915749311447144,1.4830518960952759,0.9061018824577332,0.0,0.0,0.0,1.217541414491246,1.217541414491246,1.2158222291027978,0.06467923330442005,1.0,2.8749232292175293,2.7273666858673096,1.4755644798278809,0.891363799571991,0.0,0.0,0.0,2.727366583890073,1.275302476454244,0.02608114677874912,3.5076229572296143,0.025042548481745648,0.0,-1.0,0.3608537916945512,0.0005526391446372504,-0.3608537916945512,1.0,0.6189285336902541,1.3008683565304129e-10,-0.6189285336902541,1.0,0.3608537916945512,0.0005526391446372504,-0.3608537916945512,1.0,0.3608537916945512,-0.3608537916945512,0.40419499137050474,9.403349310902825e-05,-0.40419499137050474,1.0,0.40419499137050474,-0.40419499137050474,0.589940474093903,1.4642188257646641e-09,-0.589940474093903,1.0,0.589940474093903,-0.589940474093903,0.19981684336585542,0.061968999162765895,-0.19981684336585542,1.0,0.19981684336585542,-0.19981684336585542,3.5004351247440684,22.0,3.498947577043013,22.0,3.50301672111858,22.0,3.528091452338479,22.0,1.4628261070802053,0.030762136050476032,1.0,0.0,1.0,0.0,0.0,0.0,0.0,0.0,0.0,0.0,0.0,0.13716120302663692,-0.7049064844492975,1.7857584194791005e-14,0.7049064844492975,1.0,-0.7049064844492975,1.7857584194791005e-14,-1.0,0.7049064844492975,1.0,-0.1317637588566263,0.07499432563781738,3.4810094833374023,3.5560038089752197,-0.6216146804035311,0.10863623651598431,1.0,0.10863623651598431,0.10863623651598431,-0.7735249806144,-0.7735249806144,-0.9868845068142702,-0.9868845068142702,-0.8346854707014397,-0.8346854707014397
5.0,0.7875897884368896,0.6400333642959595,1.4755644798278809,0.891363799571991,0.0,0.0,0.0,1.0300767001267503,1.0300767001267503,1.0280729609105412,0.06421833997113421,1.0,2.8397388458251953,2.6929099559783936,1.4682878255844116,0.876811683177948,0.0,0.0,0.0,2.6929099602598896,1.2643318478243821,0.03901216056773016,3.482179641723633,0.02264954615676361,0.0,-1.0,0.2778345250255363,0.008770604160453124,-0.2778345250255363,1.0,0.5459476594695503,3.7693011128530896e-08,-0.5459476594695503,1.0,0.2778345250255363,0.008770604160453124,-0.2778345250255363,1.0,0.2778345250255363,-0.2778345250255363,0.3130041210242683,0.0029852940592368085,-0.3130041210242683,1.0,0.3130041210242683,-0.3130041210242683,0.5076432672325738,4.4618690739715184e-07,-0.5076432672325738,1.0,0.5076432672325738,-0.5076432672325738,0.283769504420415,0.007378809136090844,-0.283769504420415,1.0,0.283769504420415,-0.283769504420415,3.4796960787339644,22.0,3.4728173559362236,22.0,3.475565195083618,22.0,3.5006403381174263,22.0,1.4552993113310444,0.03426038852792985,1.0,0.0,1.0,0.0,0.0,0.0,0.0,0.0,0.0,0.0,0.0,0.14041909601789623,-0.7393364094255223,1.9432703277105306e-16,0.7393364094255223,1.0,-0.7393364094255223,1.9432703277105306e-16,-1.0,0.7393364094255223,1.0,-0.08900237348331758,0.06707358360290527,3.456542730331421,3.523616313934326,-0.6161569379718941,0.12318833255597439,1.0,0.12318833255597439,0.12318833255597439,-0.7969100515591669,-0.7969100515591669,-0.9721058320874532,-0.9721058320874532,-0.8188002007969326,-0.8188002007969326
6.0,0.7465886473655701,0.5997598767280579,1.4682878255844116,0.876811683177948,0.0,0.0,0.0,0.6871729203093266,0.6871729203093266,0.6842049636537956,0.0637980416467184,1.0,2.8210318088531494,2.674912452697754,1.461194396018982,0.8623435497283936,0.0,0.0,0.0,2.6749123881959305,1.2573415947951039,0.04558164387983571,3.4574954509735107,0.021656021012130933,0.0,-1.0,0.178084604276003,0.09691585865031034,-0.178084604276003,1.0,0.43610651262724115,2.1645386944973232e-05,-0.43610651262724115,1.0,0.178084604276003,0.09691585865031034,-0.178084604276003,1.0,0.178084604276003,-0.178084604276003,0.20193018914444724,0.05920427424446111,-0.20193018914444724,1.0,0.20193018914444724,-0.20193018914444724,0.4018703110140538,0.00010406132799527371,-0.4018703110140538,1.0,0.4018703110140538,-0.4018703110140538,0.3627381916804622,0.0005142528025214056,-0.3627381916804622,1.0,0.3627381916804622,-0.3627381916804622,3.460298841649836,22.0,3.447715466672724,22.0,3.4486970359628852,22.0,3.4732692566784946,22.0,1.4481405821964308,0.03798324484706009,1.0,0.0,1.0,0.0,0.0,0.0,0.0,0.0,0.0,0.0,0.0,0.14422645033457607,-0.7631996055087882,5.4541613136356265e-18,0.7631996055087882,1.0,-0.7631996055087882,5.4541613136356265e-18,-1.0,0.7631996055087882,1.0,-0.05022437975934345,0.06168723106384277,3.432779312133789,3.494466543197632,-0.6109071553186803,0.13765645844756857,1.0,0.13765645844756857,0.13765645844756857,-0.8208240241646203,-0.8208240241646203,-0.9574914313993454,-0.9574914313993454,-0.802969624158326,-0.802969624158326
7.0,0.7202779054641724,0.5741584300994873,1.461194396018982,0.8623435497283936,0.0,0.0,0.0,0.7429033968637492,0.7429033968637492,0.7401917003478828,0.06341690474792253,1.0,2.79253888130188,2.6471080780029297,1.454308271408081,0.8477656841278076,0.0,0.0,0.0,2.6471078772052055,1.2518203539675046,0.05524144932679331,3.4352834224700928,0.022393473102699048,0.0,-1.0,0.05475326688034942,0.6123881548801166,-0.05475326688034942,1.0,0.274206614772287,0.009730517553389344,-0.274206614772287,1.0,0.05475326688034942,0.6123881548801166,-0.05475326688034942,1.0,0.05475326688034942,-0.05475326688034942,0.06426332288401254,0.5519509955010863,-0.06426332288401254,1.0,0.06426332288401254,-0.06426332288401254,0.2306893029481174,0.030589515038250418,-0.2306893029481174,1.0,0.2306893029481174,-0.2306893029481174,0.42108414638441766,4.402172676224572e-05,-0.42108414638441766,1.0,0.42108414638441766,-0.42108414638441766,3.4438280409032647,22.0,3.4252969460053877,22.0,3.4241259314797143,22.0,3.44788337837566,22.0,1.4422242279652724,0.04193141092983028,1.0,0.0,1.0,0.0,0.0,0.0,0.0,0.0,0.0,0.0,0.0,0.14878880724875881,-0.787538304392237,8.999787750397259e-20,0.787538304392237,1.0,-0.787538304392237,8.999787750397259e-20,-1.0,0.787538304392237,1.0,-0.013876043102790584,0.059029579162597656,3.4092369079589844,3.468266487121582,-0.605943903830876,0.15223437592382338,1.0,0.15223437592382338,0.15223437592382338,-0.8453959064367873,-0.8453959064367873,-0.9433068508845495,-0.9433068508845495,-0.7873072339259917,-0.7873072339259917
8.0,0.6971753835678101,0.5517445206642151,1.454308271408081,0.8477656841278076,0.0,0.0,0.0,0.6330753809416191,0.6330753809416191,0.6299248478825269,0.06308029783182241,1.0,2.7642641067504883,2.619499921798706,1.447642207145691,0.8330889940261841,0.0,0.0,0.0,2.619499862270509,1.2482687171590938,0.06409250805741029,3.4194424152374268,0.02471346201567131,0.0,-1.0,-0.04180902398647459,0.6989303600430308,0.04180902398647459,1.0,0.1265013560635413,0.24021668707621158,-0.1265013560635413,1.0,-0.04180902398647459,0.6989303600430308,0.04180902398647459,1.0,-0.04180902398647459,0.04180902398647459,-0.044327427705963166,0.6817441929469288,0.044327427705963166,1.0,-0.044327427705963166,0.044327427705963166,0.07180092282765665,0.5061908821611585,-0.07180092282765665,1.0,0.07180092282765665,-0.07180092282765665,0.43457433693776204,2.3306744775916693e-05,-0.43457433693776204,1.0,0.43457433693776204,-0.43457433693776204,3.4341070652008057,22.0,3.409438274123452,22.0,3.40575728633187,22.0,3.428466796875,22.0,1.4398857588883633,0.046128692431422404,1.0,0.0,1.0,0.0,0.0,0.0,0.0,0.0,0.0,0.0,0.0,0.15411727207038595,-0.807139586488676,2.1876286657830454e-21,0.807139586488676,1.0,-0.807139586488676,2.1876286657830454e-21,-1.0,0.807139586488676,1.0,0.021365069676382523,0.06912779808044434,3.391352653503418,3.4604804515838623,-0.601280558968473,0.1669110330844532,1.0,0.1669110330844532,0.1669110330844532,-0.8706523266799993,-0.8706523266799993,-0.9295779716501018,-0.9295779716501018,-0.7718029706282454,-0.7718029706282454
9.0,0.6782090067863464,0.5334447622299194,1.447642207145691,0.8330889940261841,0.0,0.0,0.0,0.5124703250625557,0.5124703250625557,0.5086094690754763,0.06278727607153894,1.0,2.753772497177124,2.609651565551758,1.4412087202072144,0.8184544444084167,0.0,0.0,0.0,2.609651400372007,1.2486926491908503,0.06588757960787535,3.411376953125,0.028206202467850182,0.0,-1.0,-0.13743792046775388,0.20163166796866858,0.13743792046775388,1.0,-0.014775809235321055,0.8913193561997852,0.014775809235321055,1.0,-0.13743792046775388,0.20163166796866858,0.13743792046775388,1.0,-0.13743792046775388,0.13743792046775388,-0.15219611848825335,0.1569004327860722,0.15219611848825335,1.0,-0.15219611848825335,0.15219611848825335,-0.06005424254165054,0.5783436784248946,0.06005424254165054,1.0,-0.06005424254165054,0.06005424254165054,0.43173893135148467,2.6699826597898835e-05,-0.43173893135148467,1.0,0.43173893135148467,-0.43173893135148467,3.432559002529491,22.0,3.401589035987854,22.0,3.395000598647378,22.0,3.4163588285446167,22.0,1.441841293551795,0.05051202463571717,1.0,0.0,1.0,0.0,0.0,0.0,0.0,0.0,0.0,0.0,0.0,0.16008856019318185,-0.8200133845232647,1.4988937856816652e-22,0.8200133845232647,1.0,-0.8200133845232647,1.4988937856816652e-22,-1.0,0.8200133845232647,1.0,0.04867798612279638,0.08064603805541992,3.3806920051574707,3.4613380432128906,-0.5968974516838156,0.1815456088097992,1.0,0.1815456088097992,0.1815456088097992,-0.8965471638794869,-0.8965471638794869,-0.916207583209508,-0.916207583209508,-0.7563806684560694,-0.7563806684560694
10.0,0.6642798781394958,0.5201590061187744,1.4412087202072144,0.8184544444084167,0.0,0.0,0.0,0.611890260250665,0.611890260250665,0.6086864326387197,0.06253412917100391,1.0,2.757021188735962,2.6135191917419434,1.435019612312317,0.8040523529052734,0.0,0.0,0.0,2.6135190554396113,1.2498612345168085,0.06279474500426417,3.411195755004883,0.03256985353115023,0.0,-1.0,-0.20591032369412846,0.054270614075880144,0.20591032369412846,1.0,-0.1283505336198091,0.23335705580466942,0.1283505336198091,1.0,-0.20591032369412846,0.054270614075880144,0.20591032369412846,1.0,-0.20591032369412846,0.20591032369412846,-0.2299144094959671,0.03116910554141087,0.2299144094959671,1.0,-0.2299144094959671,0.2299144094959671,-0.168961994998415,0.11556184274882997,0.168961994998415,1.0,-0.168961994998415,0.168961994998415,0.4185305202352859,4.950389669137935e-05,-0.4185305202352859,1.0,0.4185305202352859,-0.4185305202352859,3.4394324259324507,22.0,3.401959321715615,22.0,3.3919630592519585,22.0,3.4114281914450904,22.0,1.448055748017544,0.055069083811871665,1.0,0.0,1.0,0.0,0.0,0.0,0.0,0.0,0.0,0.0,0.0,0.1665300016092772,-0.831566341446233,1.1198822334324003e-23,0.831566341446233,1.0,-0.831566341446233,1.1198822334324003e-23,-1.0,0.831566341446233,1.0,0.07414680235836342,0.09370994567871094,3.377277135848999,3.47098708152771,-0.592761401701994,0.19594771742126904,1.0,0.19594771742126904,0.19594771742126904,-0.9229825697945977,-0.9229825697945977,-0.9030778163581445,-0.9030778163581445,-0.7409329380765051,-0.7409329380765051
11.0,0.6480808258056641,0.5045788288116455,1.435019612312317,0.8040523529052734,0.0,0.0,0.0,0.5509615610653281,0.5509615610653281,0.547425993556608,0.062317119237846545,1.0,2.768098831176758,2.6251895427703857,1.4290920495986938,0.7898235321044922,0.0,0.0,0.0,2.6251897330262146,1.2518872322627541,0.05690042156423889,3.417588710784912,0.03753224259818648,0.0,-1.0,-0.2772709661512452,0.008914033676468548,0.2772709661512452,1.0,-0.2243844880419852,0.03557993686106683,0.2243844880419852,1.0,-0.2772709661512452,0.008914033676468548,0.2772709661512452,1.0,-0.2772709661512452,0.2772709661512452,-0.30629424817723927,0.0037041895586792544,0.30629424817723927,1.0,-0.30629424817723927,0.30629424817723927,-0.24631045049487518,0.020704936272192095,0.24631045049487518,1.0,-0.24631045049487518,0.24631045049487518,0.39988024373921327,0.00011342404550785774,-0.39988024373921327,1.0,0.39988024373921327,-0.39988024373921327,3.4531889720396562,22.0,3.4091270836916836,22.0,3.3953805294903843,22.0,3.4126577268947256,22.0,1.4575922632988025,0.059682195851912076,1.0,0.0,1.0,0.0,0.0,0.0,0.0,0.0,0.0,0.0,0.0,0.17347484532765747,-0.8444401394808216,4.88276832974447e-25,0.8444401394808216,1.0,-0.8444401394808216,4.88276832974447e-25,-1.0,0.8444401394808216,1.0,0.09977345416759194,0.10841941833496094,3.379786252975464,3.488205671310425,-0.5889090599914315,0.21017641357893113,1.0,0.21017641357893113,0.21017641357893113,-0.9499296937136388,-0.9499296937136388,-0.8903366014580483,-0.8903366014580483,-0.725546358372972,-0.725546358372972
12.0,0.6332409381866455,0.4903317391872406,1.4290920495986938,0.7898235321044922,0.0,0.0,0.0,0.5097277094044833,0.5097277094044833,0.5059259211991465,0.06213935945547154,1.0,2.7832491397857666,2.6409058570861816,1.4234338998794556,0.7757535576820374,0.0,0.0,0.0,2.6409056910790865,1.2575541789728133,0.048776305385801653,3.4288241863250732,0.042948695066954846,0.0,-1.0,-0.35370363847698216,0.0007233548642873581,0.35370363847698216,1.0,-0.31390229298016986,0.002899223122322383,0.31390229298016986,1.0,-0.35370363847698216,0.0007233548642873581,0.35370363847698216,1.0,-0.35370363847698216,0.35370363847698216,-0.3850868232890705,0.0002116153883229544,0.3850868232890705,1.0,-0.3850868232890705,0.3850868232890705,-0.2840865062872038,0.007310279435425894,0.2840865062872038,1.0,-0.2840865062872038,0.2840865062872038,0.36402381036243886,0.0004894820494173755,-0.36402381036243886,1.0,0.36402381036243886,-0.36402381036243886,3.4720917506651445,22.0,3.421324762431058,22.0,3.403525612571023,22.0,3.418353644284335,22.0,1.4694837468638504,0.0643312654528243,1.0,0.0,1.0,0.0,0.0,0.0,0.0,0.0,0.0,0.0,0.0,0.18092089161809727,-0.8546722552921702,3.28323114780035e-26,0.8546722552921702,1.0,-0.8546722552921702,3.28323114780035e-26,-1.0,0.8546722552921702,1.0,0.12684152835284795,0.12715625762939453,3.3852083683013916,3.512364625930786,-0.5853541577096592,0.22424643589393323,1.0,0.22424643589393323,0.22424643589393323,-0.9772960285574648,-0.9772960285574648,-0.8780899652993335,-0.8780899652993335,-0.7102770728757735,-0.7102770728757735
13.0,0.6183341145515442,0.4759907126426697,1.4234338998794556,0.7757535576820374,0.0,0.0,0.0,0.5517224291654425,0.5517224291654425,0.5482274530000577,0.06200240818940959,1.0,2.802485227584839,2.660679817199707,1.418053388595581,0.7618458867073059,0.0,0.0,0.0,2.6606797481154394,1.2677144149325392,0.037865678294640805,3.443580150604248,0.04866780921584705,0.0,-1.0,-0.40433588108907753,9.345554231288674e-05,0.40433588108907753,1.0,-0.3795040681906238,0.0002657567119412607,0.3795040681906238,1.0,-0.40433588108907753,9.345554231288674e-05,0.40433588108907753,1.0,-0.40433588108907753,0.40433588108907753,-0.4371807967313586,2.0547291337730624e-05,0.4371807967313586,1.0,-0.4371807967313586,0.4371807967313586,-0.3085660948892255,0.0034451188487420767,0.3085660948892255,1.0,-0.3085660948892255,0.3085660948892255,0.32776231904476777,0.0018250875621972132,-0.32776231904476777,1.0,0.32776231904476777,-0.32776231904476777,3.4947234175421973,22.0,3.4371607411991465,22.0,3.415109005841342,22.0,3.4273270910436455,22.0,1.4829247496956006,0.06894591197545699,1.0,0.0,1.0,0.0,0.0,0.0,0.0,0.0,0.0,0.0,0.0,0.18885521679229514,-0.8606248459018704,6.197301421666965e-27,0.8606248459018704,1.0,-0.8606248459018704,6.197301421666965e-27,-1.0,0.8606248459018704,1.0,0.1509096375233564,0.14669322967529297,3.3936591148376465,3.5403523445129395,-0.5821053161923377,0.23815420485893057,1.0,0.23815420485893057,0.23815420485893057,-1.0048375869824975,-1.0048375869824975,-0.8664867152518754,-0.8664867152518754,-0.6952511673939104,-0.6952511673939104
14.0,0.6056507229804993,0.4638453722000122,1.418053388595581,0.7618458867073059,0.0,0.0,0.0,0.4626943527046454,0.4626943527046454,0.4585340736197698,0.06190773258996275,1.0,2.8272929191589355,2.685997247695923,1.4129558801651,0.7483113408088684,0.0,0.0,0.0,2.685997552172816,1.2806243632080485,0.024375997768479447,3.4608981609344482,0.05462752471376422,0.0,-1.0,-0.46368567503786423,5.370500170733294e-06,0.46368567503786423,1.0,-0.4538233947377691,8.964784043022544e-06,0.4538233947377691,1.0,-0.46368567503786423,5.370500170733294e-06,0.46368567503786423,1.0,-0.46368567503786423,0.46368567503786423,-0.4974463738508684,8.198157307583923e-07,0.4974463738508684,1.0,-0.4974463738508684,0.4974463738508684,-0.33692015075199894,0.0013282952899344414,0.33692015075199894,1.0,-0.33692015075199894,0.33692015075199894,0.2897925398894016,0.006169102320044715,-0.2897925398894016,1.0,0.2897925398894016,-0.2897925398894016,3.520153750072826,22.0,3.455695802515203,22.0,3.4291997714476152,22.0,3.438543677330017,22.0,1.4973525356120547,0.07348093981255924,1.0,0.0,1.0,0.0,0.0,0.0,0.0,0.0,0.0,0.0,0.0,0.1970725365673658,-0.8611531823465184,5.3250126393264886e-27,0.8611531823465184,1.0,-0.8611531823465184,5.3250126393264886e-27,-1.0,0.8611531823465184,1.0,0.17353480667974178,0.16694068908691406,3.404203414916992,3.5711441040039062,-0.5791171088211047,0.2516886580725435,1.0,0.2516886580725435,0.2516886580725435,-1.0321345935561088,-1.0321345935561088,-0.8554948422279609,-0.8554948422279609,-0.6805276575728951,-0.6805276575728951
15.0,0.5917754173278809,0.45047980546951294,1.4129558801651,0.7483113408088684,0.0,0.0,0.0,0.4173680976174145,0.4173680976174145,0.4127596543368814,0.061851407910231415,1.0,2.8461310863494873,2.7053160667419434,1.40815007686615,0.7353408336639404,0.0,0.0,0.0,2.7053160692116345,1.2895635793049058,0.014525095228118956,3.4797210693359375,0.06074812084115232,0.0,-1.0,-0.5114296784192175,3.541663383956539e-07,0.5114296784192175,1.0,-0.5073790990102498,4.533880562884802e-07,0.5073790990102498,1.0,-0.5114296784192175,3.541663383956539e-07,0.5114296784192175,1.0,-0.5114296784192175,0.5114296784192175,-0.543112253883273,4.57446318414586e-08,0.543112253883273,1.0,-0.543112253883273,0.543112253883273,-0.33898066288612594,0.0012350011457020252,0.33898066288612594,1.0,-0.33898066288612594,0.33898066288612594,0.24912824486633092,0.0192502883859342,-0.24912824486633092,1.0,0.24912824486633092,-0.24912824486633092,3.5472737659107554,22.0,3.4758446541699497,22.0,3.4447859092192217,22.0,3.450980858369307,22.0,1.5121847044476704,0.0778818444635566,1.0,0.0,1.0,0.0,0.0,0.0,0.0,0.0,0.0,0.0,0.0,0.20539216773070643,-0.8642703673699412,2.1479088645138004e-27,0.8642703673699412,1.0,-0.8642703673699412,2.1479088645138004e-27,-1.0,0.8642703673699412,1.0,0.1948552176288441,0.1876847743988037,3.4158968925476074,3.603581666946411,-0.5763523755349617,0.2646592237813217,1.0,0.2646592237813217,0.2646592237813217,-1.0586339109092386,-1.0586339109092386,-0.8451828569105009,-0.8451828569105009,-0.6662519581014301,-0.6662519581014301
16.0,0.5792351961135864,0.4384201765060425,1.40815007686615,0.7353408336639404,0.0,0.0,0.0,0.4858489161676482,0.4858489161676482,0.48189863998843196,0.061829362915835656,1.0,2.851151466369629,2.7107887268066406,1.4036281108856201,0.7231476306915283,0.0,0.0,0.0,2.7107885853288756,1.290703187156892,0.012108323235565802,3.498988151550293,0.0668940502227161,0.0,-1.0,-0.5529217005389033,2.3233428135649813e-08,0.5529217005389033,1.0,-0.5604064668380826,1.365086674991819e-08,0.5604064668380826,1.0,-0.5529217005389033,2.3233428135649813e-08,0.5529217005389033,1.0,-0.5529217005389033,0.5529217005389033,-0.5824204853650806,2.6404339405892495e-09,0.5824204853650806,1.0,-0.5824204853650806,0.5824204853650806,-0.3451974217181502,0.0009884074649025526,0.3451974217181502,1.0,-0.3451974217181502,0.3451974217181502,0.20148990877390727,0.05977180817961445,-0.20148990877390727,1.0,0.20148990877390727,-0.20148990877390727,3.57489013671875,22.0,3.4965036673979326,22.0,3.4608781337738037,22.0,3.463679324496876,22.0,1.5268279781798406,0.08204047266548761,1.0,0.0,1.0,0.0,0.0,0.0,0.0,0.0,0.0,0.0,0.0,0.21358544319844203,-0.8679511112676555,7.139086220796679e-28,0.8679511112676555,1.0,-0.8679511112676555,7.139086220796679e-28,-1.0,0.8679511112676555,1.0,0.21482865772939344,0.2084956169128418,3.4278717041015625,3.6363673210144043,-0.5737482581297995,0.2768524218828904,1.0,0.2768524218828904,0.2768524218828904,-1.0837680728239047,-1.0837680728239047,-0.8355406841200632,-0.8355406841200632,-0.652536697458123,-0.652536697458123
17.0,0.567781388759613,0.4274185597896576,1.4036281108856201,0.7231476306915283,0.0,0.0,0.0,0.4358972763950457,0.4358972763950457,0.4314891494576808,0.06183485642342929,1.0,2.8370699882507324,2.6971328258514404,1.399370789527893,0.7118580937385559,0.0,0.0,0.0,2.6971326958847843,1.283254283871925,0.018716574802056813,3.5180234909057617,0.07297614669724248,0.0,-1.0,-0.5977422422598712,7.814846341299285e-10,0.5977422422598712,1.0,-0.6043112253883274,4.545572250025985e-10,0.6043112253883274,1.0,-0.5977422422598712,7.814846341299285e-10,0.5977422422598712,1.0,-0.5977422422598712,0.5977422422598712,-0.6240357859885176,8.27373725096251e-11,0.6240357859885176,1.0,-0.6240357859885176,0.6240357859885176,-0.3395970554048819,0.0012082712222116878,0.3395970554048819,1.0,-0.3395970554048819,0.3395970554048819,0.1649642492339122,0.12455832803309418,-0.1649642492339122,1.0,0.1649642492339122,-0.1649642492339122,3.602236411788247,22.0,3.5169864242727105,22.0,3.476844484155828,22.0,3.476026643406261,22.0,1.5409500739868676,0.08592339320909993,1.0,0.0,1.0,0.0,0.0,0.0,0.0,0.0,0.0,0.0,0.0,0.22147587850911918,-0.8727061392694869,1.6366046993444633e-28,0.8727061392694869,1.0,-0.8727061392694869,1.6366046993444633e-28,-1.0,0.8727061392694869,1.0,0.23358737657907952,0.22902941703796387,3.4396069049835205,3.6686363220214844,-0.5712488384806503,0.2881419351370187,1.0,0.2881419351370187,0.2881419351370187,-1.1072257680521922,-1.1072257680521922,-0.8264782977671095,-0.8264782977671095,-0.639433223240319,-0.639433223240319
18.0,0.5533103942871094,0.41337332129478455,1.399370789527893,0.7118580937385559,0.0,0.0,0.0,0.3603821775293054,0.3603821775293054,0.3550332420444775,0.061860414839792814,1.0,2.8215274810791016,2.6819908618927,1.3953654766082764,0.7015343904495239,0.0,0.0,0.0,2.6819909388935987,1.2756865884240887,0.02594020312206911,3.5357418060302734,0.07883871695843872,0.0,-1.0,-0.6244056214997711,8.004444695369624e-11,0.6244056214997711,1.0,-0.6343911803036174,3.2214248564626314e-11,0.6343911803036174,1.0,-0.6244056214997711,8.004444695369624e-11,0.6244056214997711,1.0,-0.6244056214997711,0.6244056214997711,-0.6494839914057273,7.633810827856777e-12,0.6494839914057273,1.0,-0.6494839914057273,0.6494839914057273,-0.3311788947201578,0.0016229010337008819,0.3311788947201578,1.0,-0.3311788947201578,0.3311788947201578,0.12861470184213308,0.2323883622805128,-0.12861470184213308,1.0,0.12861470184213308,-0.12861470184213308,3.6279984387484463,22.0,3.536148353056474,22.0,3.491678162054582,22.0,3.487140753052451,22.0,1.5540260863154336,0.08947190656233255,1.0,0.0,1.0,0.0,0.0,0.0,0.0,0.0,0.0,0.0,0.0,0.22896561070044155,-0.8739565355218204,1.1001669048529087e-28,0.8739565355218204,1.0,-0.8739565355218204,1.1001669048529087e-28,-1.0,0.8739565355218204,1.0,0.25071425085028337,0.24875116348266602,3.4502105712890625,3.6989617347717285,-0.5688232769817241,0.2984656111216908,1.0,0.2984656111216908,0.2984656111216908,-1.1288903278595948,-1.1288903278595948,-0.8179451352534812,-0.8179451352534812,-0.6269232559355147,-0.6269232559355147
19.0,0.5390517115592957,0.39951518177986145,1.3953654766082764,0.7015343904495239,0.0,0.0,0.0,0.3803530399245975,0.3803530399245975,0.37528242705745257,0.061899393549131425,1.0,2.808400869369507,2.6692440509796143,1.3915685415267944,0.6922333836555481,0.0,0.0,0.0,2.669243988962691,1.2699747013217402,0.031592431385208085,3.551575183868408,0.08440164428532429,0.0,-1.0,-0.6513683913916384,6.3416319725651885e-12,0.6513683913916384,1.0,-0.6662850903455322,1.3936673416318356e-12,0.6662850903455322,1.0,-0.6513683913916384,6.3416319725651885e-12,0.6513683913916384,1.0,-0.6513683913916384,0.6513683913916384,-0.6740692472966785,6.104207182198617e-13,0.6740692472966785,1.0,-0.6740692472966785,0.6740692472966785,-0.31790003874467265,0.0025425015212305643,0.31790003874467265,1.0,-0.31790003874467265,0.31790003874467265,0.08522066852171464,0.4298503503741426,-0.08522066852171464,1.0,0.08522066852171464,-0.08522066852171464,3.6515097401358863,22.0,3.553423112088984,22.0,3.5048450231552124,22.0,3.4965215921401978,22.0,1.5658741347826857,0.09267201191235346,1.0,0.0,1.0,0.0,0.0,0.0,0.0,0.0,0.0,0.0,0.0,0.23592903190089334,-0.8753302102779053,7.076834966800749e-29,0.8753302102779053,1.0,-0.8753302102779053,7.076834966800749e-29,-1.0,0.8753302102779053,1.0,0.26632033380039005,0.2673811912536621,3.459221363067627,3.726602554321289,-0.5664023773392609,0.30776666366752836,1.0,0.30776666366752836,0.30776666366752836,-1.148800447853494,-1.148800447853494,-0.8096988325511512,-0.8096988325511512,-0.6148768926199297,-0.6148768926199297
20.0,0.5246219038963318,0.3854650557041168,1.3915685415267944,0.6922333836555481,0.0,0.0,0.0,0.3494195192621501,0.3494195192621501,0.3438847880624431,0.061945564656726335,1.0,2.795640230178833,2.6568450927734375,1.387951374053955,0.6840819120407104,0.0,0.0,0.0,2.656845072293009,1.2656464116316233,0.036799893309676014,3.5648458003997803,0.08961451150480353,0.0,-1.0,-0.669930611813603,9.497055779100318e-13,0.669930611813603,1.0,-0.6931421929484697,7.236631024068022e-14,0.6931421929484697,1.0,-0.669930611813603,9.497055779100318e-13,0.669930611813603,1.0,-0.669930611813603,0.669930611813603,-0.6911345144588075,9.12782837629246e-14,0.6911345144588075,1.0,-0.6911345144588075,0.6911345144588075,-0.31254622943890675,0.00303004873986548,0.31254622943890675,1.0,-0.31254622943890675,0.31254622943890675,0.049557958507977895,0.6465720087218152,-0.049557958507977895,1.0,0.049557958507977895,-0.049557958507977895,3.67203933542425,22.0,3.5682055191560225,22.0,3.51571203361858,22.0,3.5034251538189976,22.0,1.5762977759315815,0.0955336810881155,1.0,0.0,1.0,0.0,0.0,0.0,0.0,0.0,0.0,0.0,0.0,0.24219128876458257,-0.876739107463633,4.476525551059204e-29,0.876739107463633,1.0,-0.876739107463633,4.476525551059204e-29,-1.0,0.876739107463633,1.0,0.2809262753113466,0.28469085693359375,3.4660511016845703,3.750741958618164,-0.5639187765707147,0.3159181033770716,1.0,0.3159181033770716,0.3159181033770716,-1.1669039863080646,-1.1669039863080646,-0.8015023899051974,-0.8015023899051974,-0.6031868334466697,-0.6031868334466697
21.0,0.5116803646087646,0.37288519740104675,1.387951374053955,0.6840819120407104,0.0,0.0,0.0,0.41743540914938754,0.41743540914938754,0.41280647819551536,0.061993002601358434,1.0,2.7899696826934814,2.6515209674835205,1.3844881057739258,0.6770727634429932,0.0,0.0,0.0,2.6515210042200095,1.2620417304358191,0.039453737543268884,3.5757131576538086,0.09452328792283878,0.0,-1.0,-0.6916980733330985,8.553551025158128e-14,0.6916980733330985,1.0,-0.7180092282765667,3.4591725233680098e-15,0.7180092282765667,1.0,-0.6916980733330985,8.553551025158128e-14,0.6916980733330985,1.0,-0.6916980733330985,0.6916980733330985,-0.7106829629107818,8.758167079568603e-15,0.7106829629107818,1.0,-0.7106829629107818,0.7106829629107818,-0.30784403508154,0.003525645797356959,0.30784403508154,1.0,-0.30784403508154,0.30784403508154,0.01933711387411504,0.8580780776718219,-0.01933711387411504,1.0,0.01933711387411504,-0.01933711387411504,3.689771901477467,22.0,3.580740386789495,22.0,3.5244509306820957,22.0,3.5078894008289683,22.0,1.5854986073724993,0.09811143569883324,1.0,0.0,1.0,0.0,0.0,0.0,0.0,0.0,0.0,0.0,0.0,0.24772477608982688,-0.8765982177450601,4.687488070834742e-29,0.8765982177450601,1.0,-0.8765982177450601,4.687488070834742e-29,-1.0,0.8765982177450601,1.0,0.29505865283607274,0.3007371425628662,3.4708170890808105,3.7715542316436768,-0.5613419301443936,0.322927312654799,1.0,0.322927312654799,0.322927312654799,-1.1835382547308848,-1.1835382547308848,-0.7931234983260236,-0.7931234983260236,-0.5916332801754671,-0.5916332801754671
22.0,0.49811387062072754,0.35966506600379944,1.3844881057739258,0.6770727634429932,0.0,0.0,0.0,0.4053818085660436,0.4053818085660436,0.40060643983451494,0.06203943164948885,1.0,2.7945804595947266,2.656465530395508,1.3811484575271606,0.6710112690925598,0.0,0.0,0.0,2.6564655980957554,1.26024063956698,0.038076006692180385,3.5842132568359375,0.09914702059779203,0.0,-1.0,-0.7158782712831532,4.545919733812442e-15,0.7158782712831532,1.0,-0.7404283047444614,1.6643577685057356e-16,0.7404283047444614,1.0,-0.7158782712831532,4.545919733812442e-15,0.7158782712831532,1.0,-0.7158782712831532,0.7158782712831532,-0.7323271459265261,5.159720252232259e-16,0.7323271459265261,1.0,-0.7323271459265261,0.7323271459265261,-0.2954809622767779,0.005191244957161118,0.2954809622767779,1.0,-0.2954809622767779,0.2954809622767779,-0.008946497129371985,0.934068430681174,0.008946497129371985,1.0,-0.008946497129371985,0.008946497129371985,3.704747958616777,22.0,3.5910680944269355,22.0,3.531071998856284,22.0,3.5099636533043603,22.0,1.5935554093153428,0.10046849433709455,1.0,0.0,1.0,0.0,0.0,0.0,0.0,0.0,0.0,0.0,0.0,0.25267163138771864,-0.8799619597759856,1.536950267347758e-29,0.8799619597759856,1.0,-0.8799619597759856,1.536950267347758e-29,-1.0,0.8799619597759856,1.0,0.3086746718489075,0.3155484199523926,3.473524570465088,3.7890729904174805,-0.5586828037442251,0.32898871415539566,1.0,0.32898871415539566,0.32898871415539566,-1.1989565725254665,-1.1989565725254665,-0.7845596802894883,-0.7845596802894883,-0.5802036763173439,-0.5802036763173439
23.0,0.48368537425994873,0.34557053446769714,1.3811484575271606,0.6710112690925598,0.0,0.0,0.0,0.395238435444175,0.395238435444175,0.3903315499055205,0.06208624646983804,1.0,2.818795680999756,2.6810061931610107,1.3778947591781616,0.6655612587928772,0.0,0.0,0.0,2.681006036415464,1.2656535929859136,0.028116349694222015,3.590707778930664,0.10356229589030673,0.0,-1.0,-0.7333133739565356,4.505686214993745e-16,0.7333133739565356,1.0,-0.7588320242330316,1.0817096836356963e-17,0.7588320242330316,1.0,-0.7333133739565356,4.505686214993745e-16,0.7333133739565356,1.0,-0.7333133739565356,0.7333133739565356,-0.7480011271177487,5.561028573896467e-17,0.7480011271177487,1.0,-0.7480011271177487,0.7480011271177487,-0.27637279419534366,0.009146879786197852,0.27637279419534366,1.0,-0.27637279419534366,0.27637279419534366,-0.041086964178789064,0.7038864203759918,0.041086964178789064,1.0,-0.041086964178789064,0.041086964178789064,3.7173932899128306,22.0,3.599514538591558,22.0,3.5358561385761607,22.0,3.510066032409668,22.0,1.600628209793985,0.1026839240397017,1.0,0.0,1.0,0.0,0.0,0.0,0.0,0.0,0.0,0.0,0.0,0.2573173717996906,-0.8794336233313377,1.8351796468827498e-29,0.8794336233313377,1.0,-0.8794336233313377,1.8351796468827498e-29,-1.0,0.8794336233313377,1.0,0.3215008373758544,0.3294036388397217,3.4743943214416504,3.803797960281372,-0.5559781639149773,0.3344387328447813,1.0,0.3344387328447813,0.3344387328447813,-1.2135463682140362,-1.2135463682140362,-0.7759023332826853,-0.7759023332826853,-0.5689026870079716,-0.5689026870079716
24.0,0.4675162434577942,0.32972678542137146,1.3778947591781616,0.6655612587928772,0.0,0.0,0.0,0.4088278975643741,0.4088278975643741,0.4040782210751254,0.062137276088258135,1.0,2.841294527053833,2.703824758529663,1.3746981620788574,0.6604527831077576,0.0,0.0,0.0,2.7038245381927006,1.2731845834518247,0.01742729670368261,3.59568452835083,0.1076532080785154,0.0,-1.0,-0.7460638934873728,7.388248387804841e-17,0.7460638934873728,1.0,-0.775879680180339,6.853365547916349e-19,0.775879680180339,1.0,-0.7460638934873728,7.388248387804841e-17,0.7460638934873728,1.0,-0.7460638934873728,0.7460638934873728,-0.7590081363812476,1.0525469311858314e-17,0.7590081363812476,1.0,-0.7590081363812476,0.7590081363812476,-0.26330527279771765,0.01318953156131846,0.26330527279771765,1.0,-0.26330527279771765,0.26330527279771765,-0.07315698636891974,0.4981716565828993,0.07315698636891974,1.0,-0.07315698636891974,0.07315698636891974,3.728041638027538,22.0,3.6063815463672984,22.0,3.5392746058377353,22.0,3.509039532054554,22.0,1.606837082819556,0.10475189060028733,1.0,0.0,1.0,0.0,0.0,0.0,0.0,0.0,0.0,0.0,0.0,0.26190972829676445,-0.8771793878341729,3.8751251530267325e-29,0.8771793878341729,1.0,-0.8771793878341729,3.8751251530267325e-29,-1.0,0.8771793878341729,1.0,0.33193465477969364,0.34227657318115234,3.4739365577697754,3.8162131309509277,-0.5532594698754889,0.33954725036844546,1.0,0.33954725036844546,0.33954725036844546,-1.2271300292802154,-1.2271300292802154,-0.7674931045141389,-0.7674931045141389,-0.5579619960760493,-0.5579619960760493
25.0,0.45454496145248413,0.31707513332366943,1.3746981620788574,0.6604527831077576,0.0,0.0,0.0,0.41586972489317225,0.41586972489317225,0.41119295365286135,0.0621931101405823,1.0,2.8879621028900146,2.750810146331787,1.3715192079544067,0.6555277705192566,0.0,0.0,0.0,2.7508102627823434,1.2870333107280065,-0.002227335659525931,3.599226236343384,0.11136047032632548,0.0,-1.0,-0.7619668204712763,6.626901304097562e-18,0.7619668204712763,1.0,-0.7916769398753127,4.244841318507002e-20,0.7916769398753127,1.0,-0.7619668204712763,6.626901304097562e-18,0.7619668204712763,1.0,-0.7619668204712763,0.7619668204712763,-0.7728681624458457,1.1352656446366928e-18,0.7728681624458457,1.0,-0.7728681624458457,0.7728681624458457,-0.24863513085132616,0.01949832804446143,0.24863513085132616,1.0,-0.24863513085132616,0.24863513085132616,-0.10138776372794196,0.3472548151778587,0.10138776372794196,1.0,-0.10138776372794196,0.10138776372794196,3.736728538166393,22.0,3.611666289242831,22.0,3.5413756478916514,22.0,3.5071343942122026,22.0,1.6121709711763292,0.1066541286125572,1.0,0.0,1.0,0.0,0.0,0.0,0.0,0.0,0.0,0.0,0.0,0.2665659297081786,-0.876651051389525,4.6072669540446797e-29,0.876651051389525,1.0,-0.876651051389525,4.6072669540446797e-29,-1.0,0.876651051389525,1.0,0.33807330898959453,0.35327887535095215,3.4721951484680176,3.8254740238189697,-0.5505171439715264,0.3444723163250666,1.0,0.3444723163250666,0.3444723163250666,-1.2396789732029947,-1.2396789732029947,-0.7593884471232417,-0.7593884471232417,-0.5474734718849383,-0.5474734718849383
26.0,0.4405062794685364,0.3033543527126312,1.3715192079544067,0.6555277705192566,0.0,0.0,0.0,0.5881793189093991,0.5881793189093991,0.5848756421024189,0.06225266635259666,1.0,2.891446590423584,2.7546133995056152,1.3683315515518188,0.6505395174026489,0.0,0.0,0.0,2.7546133750117514,1.285794830373065,-0.0051581737307059465,3.6021194458007812,0.1146072808617731,0.0,-1.0,-0.7761438484026629,6.554122397211879e-19,0.7761438484026629,1.0,-0.8018033883977318,6.269254273025856e-21,0.8018033883977318,1.0,-0.7761438484026629,6.554122397211879e-19,0.7761438484026629,1.0,-0.7761438484026629,0.7761438484026629,-0.7862350744954388,1.1363329588138333e-19,0.7862350744954388,1.0,-0.7862350744954388,0.7862350744954388,-0.22758972913951608,0.032963707610453925,0.22758972913951608,1.0,-0.22758972913951608,0.22758972913951608,-0.12209855235814168,0.25710718620009626,0.12209855235814168,1.0,-0.12209855235814168,0.12209855235814168,3.7441634264859287,22.0,3.6160290891473945,22.0,3.5429122014479204,22.0,3.5053737488659946,22.0,1.616865565874958,0.10841382673085866,1.0,0.0,1.0,0.0,0.0,0.0,0.0,0.0,0.0,0.0,0.0,0.27148625012224903,-0.8786939523088305,2.3490964820953865e-29,0.8786939523088305,1.0,-0.8786939523088305,2.3490964820953865e-29,-1.0,0.8786939523088305,1.0,0.34071527762605336,0.362642765045166,3.4700560569763184,3.8326988220214844,-0.547779440400926,0.34946053773091346,1.0,0.34946053773091346,0.34946053773091346,-1.2509634323932306,-1.2509634323932306,-0.7519043159511563,-0.7519043159511563,-0.5377105509902338,-0.5377105509902338
27.0,0.42889466881752014,0.2920615077018738,1.3683315515518188,0.6505395174026489,0.0,0.0,0.0,0.9644252995717155,0.9644252995717155,0.9624100767689733,0.0623137431673975,1.0,2.9664251804351807,2.8299129009246826,1.3651223182678223,0.6454917788505554,0.0,0.0,0.0,2.829912745294676,1.307197679141113,-0.034506668649373386,3.6035239696502686,0.11740242086757448,0.0,-1.0,-0.7820083829382553,2.394227177072365e-19,0.7820083829382553,1.0,-0.810168715437991,1.185877462206101e-21,0.810168715437991,1.0,-0.7820083829382553,2.394227177072365e-19,0.7820083829382553,1.0,-0.7820083829382553,0.7820083829382553,-0.7901447641858337,5.617490851885269e-20,0.7901447641858337,1.0,-0.7901447641858337,0.7901447641858337,-0.20960867880666412,0.049993319378555355,0.20960867880666412,1.0,-0.20960867880666412,0.20960867880666412,-0.149360712901976,0.16486364137636098,0.149360712901976,1.0,-0.149360712901976,0.149360712901976,3.749521331353621,22.0,3.6186330535195093,22.0,3.5430027463219385,22.0,3.5029382705688477,22.0,1.6206260680460618,0.11003415979143225,1.0,0.0,1.0,0.0,0.0,0.0,0.0,0.0,0.0,0.0,0.0,0.2766299208800259,-0.8794336233313377,1.8351796468827498e-29,0.8794336233313377,1.0,-0.8794336233313377,1.8351796468827498e-29,-1.0,0.8794336233313377,1.0,0.33894298068880696,0.36919641494750977,3.466644763946533,3.835841178894043,-0.5450299748678246,0.3545082365434108,1.0,0.3545082365434108,0.3545082365434108,-1.2613828716499125,-1.2613828716499125,-0.744742733816296,-0.744742733816296,-0.5285025305485025,-0.5285025305485025
28.0,0.42292219400405884,0.2864099442958832,1.3651223182678223,0.6454917788505554,0.0,0.0,0.0,1.8081698473660632,1.8081698473660632,1.8070936444752839,0.06237593302587834,1.0,2.9541003704071045,2.8179006576538086,1.3619976043701172,0.6403490900993347,0.0,0.0,0.0,2.8179007440259323,1.3054351855746724,-0.032423208268470005,3.6043355464935303,0.11980185035730444,0.0,-1.0,-0.7843154520798845,1.597351724828576e-19,0.7843154520798845,1.0,-0.8090415976894088,1.49123084143321e-21,0.8090415976894088,1.0,-0.7843154520798845,1.597351724828576e-19,0.7843154520798845,1.0,-0.7843154520798845,0.7843154520798845,-0.7910605473565568,4.7526478786764656e-20,0.7910605473565568,1.0,-0.7910605473565568,0.7910605473565568,-0.19164523968863376,0.0736622508032147,0.19164523968863376,1.0,-0.19164523968863376,0.19164523968863376,-0.16528125110070094,0.12382592549463267,0.16528125110070094,1.0,-0.16528125110070094,0.16528125110070094,3.7536946535110474,22.0,3.620288989760659,22.0,3.54257350618189,22.0,3.5007853616367686,22.0,1.6236155550663098,0.11154148474331857,1.0,0.0,1.0,0.0,0.0,0.0,0.0,0.0,0.0,0.0,0.0,0.2820022630093194,-0.8821281391990421,7.362947406738132e-30,0.8821281391990421,1.0,-0.8821281391990421,7.362947406738132e-30,-1.0,0.8821281391990421,1.0,0.334891779229807,0.3747279644012451,3.4630584716796875,3.8377864360809326,-0.542409751724479,0.3596509772099322,1.0,0.3596509772099322,0.3596509772099322,-1.270492633307064,-1.270492633307064,-0.7385474929656339,-0.7385474929656339,-0.5202498578351518,-0.5202498578351518
29.0,0.40433716773986816,0.2681374251842499,1.3619976043701172,0.6403490900993347,0.0,0.0,0.0,0.3957381194829547,0.3957381194829547,0.39078221138731606,0.06243334425725045,1.0,2.939844846725464,2.803959608078003,1.3588526248931885,0.6349622011184692,0.0,0.0,0.0,2.8039595821778462,1.3038507123057956,-0.029300869533538203,3.603682518005371,0.1215410784127793,0.0,-1.0,-0.7868162445845516,1.0243078936356005e-19,0.7868162445845516,1.0,-0.8085308724595823,1.653546134760996e-21,0.8085308724595823,1.0,-0.7868162445845516,1.0243078936356005e-19,0.7868162445845516,1.0,-0.7868162445845516,0.7868162445845516,-0.7909548800676273,4.845424280656863e-20,0.7909548800676273,1.0,-0.7909548800676273,0.7909548800676273,-0.17074072769539647,0.11172406771248561,0.17074072769539647,1.0,-0.17074072769539647,0.17074072769539647,-0.1846535874044592,0.08501869535235301,0.1846535874044592,1.0,-0.1846535874044592,0.1846535874044592,3.755555499683727,22.0,3.619946067983454,22.0,3.540756041353399,22.0,3.498472874814814,22.0,1.6254884930326627,0.11284819638572514,1.0,0.0,1.0,0.0,0.0,0.0,0.0,0.0,0.0,0.0,0.0,0.28772514069662164,-0.8823923074213661,6.724293738609637e-30,0.8823923074213661,1.0,-0.8823923074213661,6.724293738609637e-30,-1.0,0.8823923074213661,1.0,0.3284130771844463,0.3801555633544922,3.4586234092712402,3.8387789726257324,-0.5398253019989414,0.3650377648551666,1.0,0.3650377648551666,0.3650377648551666,-1.2783709730590687,-1.2783709730590687,-0.733099430310356,-0.733099430310356,-0.5128685694815098,-0.5128685694815098
